



G = [[9.92240626084272, 0.0026935293495597102, 0.6445793497685985, 1.173113762219024e-05]]
E = [[10.960214498903646, 0.0029131121687858454, 0.5663426066849634, 1.4313446780728198e-05]]
M3 = [[9.671045700562853, 0.0026127401512451185, 0.6623587349908694, 1.1144305048605667e-05]]
M5 = [[9.819904975970104, 0.002648572489653861, 0.6518846143748886, 1.1490017517302945e-05]]
Time comparison
G_tt = [20.253040313720703]
E_tt = [20.397287368774414]
M3_tt = [28.60537600517273]
M5_tt = [36.58414053916931]

Model information
G_i = [{'Theta': array([ 2.45220507,  2.68162037,  3.21190794,  2.44288739,  3.56798417,
        3.33438377,  4.11174148,  2.98836357,  5.7606907 ,  3.3301992 ,
        5.54418534, 17.59255822,  3.72556944,  3.75484906,  4.46612945,
        3.66393278,  9.2216791 ,  6.52042381,  7.07846455, 45.50915037,
        9.49693674, 22.27943417, 23.42008999,  5.65206903, 26.26504474,
       24.21017032, 12.59918977,  9.4519989 , 31.18533715, 21.86272108,
       30.18498624,  7.45225158]), 'Likelihood': 117.64334491659594}]
E_i = [{'Theta': array([   6.9349708 ,    9.48359688,    9.94629385,    9.92935397,
         10.6316668 ,    7.4610526 ,   67.78336182,   18.72544112,
        138.16684567,   20.67348719,  156.86713995,  226.9470819 ,
         20.56346437,  185.16204668,  336.10363889,  239.00962204,
        158.23316948,   24.94385843,   26.44970176,  215.95976357,
       1000.        ,  147.51215372,  928.22489031,  371.87703452,
        277.0507625 ,  325.6512749 ,  539.78110096,  298.70105745,
        771.9561862 ,  111.23210991,  765.48943869,  200.38385647]), 'Likelihood': 85.73021808232157}]
M3_i = [{'Theta': array([  4.40307621,   4.06421309,   5.24277946,   3.74450722,
         5.70101051,   4.61877356,   7.75770825,   5.77608091,
        11.69813349,   5.63599298,  10.66519431,   6.07571767,
         7.52218979,   7.60040082,  10.94122125,   8.67745632,
        54.22212981,  10.43355414,  11.26061187, 106.98341184,
        36.60147684,  29.72166056,  46.48547276,  17.17471536,
        30.72802441,  42.30993277, 105.2584082 ,  35.09149749,
        28.45913295,  20.02407817,  46.49881384,  16.52692153]), 'Likelihood': 114.04935033616526}]
M5_i = [{'Theta': array([  3.28577128,   3.45480499,   3.80152588,   3.09612759,
         4.02120258,   3.74082014,   5.77753964,   4.51524114,
         6.25355805,   4.86617376,  10.6176577 ,  19.6994121 ,
         5.2117042 ,   5.10508939,   6.57943038,   4.23165326,
       116.83497976,   8.23254719,   8.13769567,  23.26529517,
        14.74670225,  22.11498518,  10.79685744,   5.88440756,
        29.94353055,  21.25989327,  34.15746906,   9.76869091,
        16.85754273,  35.10310368,  25.38120445,   9.14955797]), 'Likelihood': 111.16732143348737}]





G = [[9.136936018197867, 0.0025139974801512326, 0.6816649880528354, 9.950281276321612e-06]]
E = [[11.286959501103345, 0.003046499407599741, 0.5142227489458353, 1.5184067426518244e-05]]
M3 = [[9.741005369950383, 0.002650871199258891, 0.6381814699021107, 1.1309457051041485e-05]]
M5 = [[9.11096295313685, 0.0025057425552442543, 0.6834722425356412, 9.893791447157624e-06]]
Time comparison
G_tt = [20.3038010597229]
E_tt = [20.201086282730103]
M3_tt = [28.513018369674683]
M5_tt = [37.04520583152771]

Model information
G_i = [{'Theta': array([ 3.27389828,  3.59090818,  3.65328191,  3.15035282,  2.96621172,
        4.46666892,  4.98569313,  4.51874386,  4.60835263,  5.59850555,
        4.87315709,  4.80357436,  5.78881035,  5.80762034,  4.58566504,
        4.43660698,  6.7773566 ,  6.00411077,  7.1092876 ,  9.83082294,
       11.05223627, 20.17164554, 58.02197717, 12.97722112, 27.52958481,
       29.16382047, 12.75944098, 11.71537359, 22.26822111, 37.06521472,
       19.18668121,  8.28305924]), 'Likelihood': 145.31671718285185}]
E_i = [{'Theta': array([ 10.23884944,  12.86394169,  11.79158545,  10.70310462,
         6.84715565,  20.1014708 , 199.69570697, 435.1992785 ,
        51.76963791,  36.61943654, 331.86480933,  26.15354013,
        55.59691996,  23.87949758, 103.95817184,  34.02196258,
        20.68702232,  25.49118272,  55.52438175, 236.77946384,
       231.10142908, 456.26110968, 112.83936297, 200.71290728,
       344.53452247, 140.95561235, 335.46499315, 260.39134715,
       655.67740441, 179.7067308 , 535.49740305,  80.7926412 ]), 'Likelihood': 106.38793444049531}]
M3_i = [{'Theta': array([  4.41070396,   5.34617265,   4.84354044,   4.20911125,
         4.14857405,   8.21110685,   8.34688277,  10.60585926,
         8.38831994,   9.66982686,  37.94887221,   5.3396928 ,
        11.55073489,   8.07367557,   7.57165856,   8.78241751,
         7.49343655,   9.76659964,  16.36932459,  20.91496273,
        27.77635877,  36.3187198 ,  20.01384115,  40.89525777,
        50.53952033,  68.13046576,  23.75161679,  21.62078809,
        15.05914584, 161.19270066,  31.34940339,  21.5555051 ]), 'Likelihood': 137.4948214035804}]
M5_i = [{'Theta': array([ 3.97227504,  4.19778625,  4.50992966,  3.69311766,  3.42226326,
        5.68133253,  5.89513648,  6.25394498,  6.10467852,  7.56536622,
        6.183013  ,  6.02335334,  6.05827169,  6.0463617 ,  6.28231357,
        6.22434127,  6.87038265,  7.38885205,  9.67327301, 10.67830259,
       21.63200864, 20.10186057, 19.06023352, 13.63167679, 67.46711628,
       48.2933963 , 13.93004841, 12.55231156, 22.08324643, 51.80575976,
       29.6329314 , 13.95014961]), 'Likelihood': 143.25250315831107}]





G = [[10.267973735486772, 0.0026592583898169477, 0.6172243091916252, 1.155803215817227e-05]]
E = [[11.332995469801913, 0.00291614019258652, 0.5337012180057608, 1.4080038118993473e-05]]
M3 = [[10.721501829806622, 0.0027755158107241936, 0.582663760133804, 1.2601598787418747e-05]]
M5 = [[9.90862026942145, 0.002565108817209614, 0.6435478644075397, 1.0763184144024795e-05]]
Time comparison
G_tt = [21.26778268814087]
E_tt = [20.510663270950317]
M3_tt = [29.064663410186768]
M5_tt = [37.04387426376343]

Model information
G_i = [{'Theta': array([ 3.5881913 ,  3.1438701 ,  3.29529474,  3.28967531,  3.14784275,
        3.97787863,  5.16092075,  4.66741164,  6.31443388,  6.71832716,
        5.14811061,  5.47039884,  5.10285934,  6.00047868,  4.59825327,
        4.22932164,  6.13212178,  8.62444708,  3.95554668,  4.81736057,
        7.05112228, 13.22539541, 28.30486749, 13.27200319, 17.96885576,
       16.59485611, 29.01256107, 16.85576398, 18.39639755, 17.94720086,
       20.4992333 , 36.69848891]), 'Likelihood': 160.98245956870514}]
E_i = [{'Theta': array([ 10.27056696,   8.7361981 ,  14.2308115 ,  12.05515602,
         9.61165089,  15.87495264,  41.12428925,  16.58297978,
        77.58556266, 138.9310267 ,  95.39660994,  63.49905645,
       284.65299457, 188.33553806, 296.05636394, 177.59304755,
       120.82511355,  55.5704516 ,  40.69379102, 147.92657382,
        74.44650759, 222.77360407, 199.07868847, 338.91085734,
       932.02752617, 872.93353428, 909.62264003, 103.60215419,
       245.79658527, 801.5227321 , 161.4844609 , 254.62461107]), 'Likelihood': 122.17702131843657}]
M3_i = [{'Theta': array([ 5.26658037,  3.89607095,  5.425418  ,  5.18093206,  3.93657413,
        5.36973143, 10.05356372,  7.02235091, 13.68322549, 19.1732728 ,
       10.55833338,  6.47300748, 17.0545092 , 10.28466615, 54.13521892,
        9.75355948,  9.83896379, 14.08673282,  6.20537587,  7.5637447 ,
       12.15966443, 18.22778459, 67.70180998, 41.9039435 , 33.67618582,
       39.1935297 , 67.68107564,  9.90815607, 72.0612599 , 66.07245032,
       26.75605095, 31.39329401]), 'Likelihood': 155.58091535355283}]
M5_i = [{'Theta': array([ 4.60631555,  3.49843728,  4.54842065,  4.67227317,  3.94855005,
        5.35312345,  8.23674698,  6.40914591,  8.98798103, 10.80826526,
        7.25700985,  6.39314165,  7.60253476,  7.52663304,  6.73864888,
        6.79373647,  7.98052844, 12.46723172,  5.87470184,  8.67719248,
       11.36504702, 18.53969059, 62.76091042, 42.05964048, 17.47153416,
       62.95490251, 88.52842996, 18.66782863, 29.22130545, 44.02343588,
       19.80706676, 31.23205133]), 'Likelihood': 161.7250741839672}]





G = [[10.116010568663537, 0.002728436353469455, 0.6339726713200909, 1.2196991998807649e-05]]
E = [[10.797317199330761, 0.00288413208998422, 0.5830089979974981, 1.3895235455074557e-05]]
M3 = [[9.482793001369975, 0.00252771706354935, 0.6783618877335955, 1.0717826715216698e-05]]
M5 = [[9.417833357796411, 0.0025198861703781892, 0.6827534070117227, 1.0571489758107224e-05]]
Time comparison
G_tt = [34.92447257041931]
E_tt = [20.98915410041809]
M3_tt = [29.43387484550476]
M5_tt = [37.77018356323242]

Model information
G_i = [{'Theta': array([ 2.42702561,  2.41058247,  3.14609136,  3.48233447,  2.92954633,
        3.12297475,  4.0846468 ,  3.19834444,  3.65908896,  3.36304781,
        7.24489035,  9.00793011, 70.091971  ,  4.97883466,  4.71122008,
       33.68131606,  3.83778478,  4.39101154,  6.3167809 , 14.85076321,
        4.33029656, 29.67077225,  8.2681572 , 27.09075291, 14.91646398,
       23.23312296, 62.61663473, 51.86581186, 72.81198603, 11.69050675,
       20.08353023, 10.14967979]), 'Likelihood': 120.98059315266559}]
E_i = [{'Theta': array([  7.1495806 ,   6.53421896,  10.23469011,   8.25134236,
        20.50294542,   9.2884171 ,  29.53082472,  10.26870112,
       375.72846914,  20.41984263, 434.46831946, 106.29528202,
       189.01482157,  68.40524871,  85.1387603 ,  18.44815841,
        56.72823735,  26.31389017,  40.51956287, 120.6704017 ,
       241.7319315 , 108.70889213, 300.08952322, 194.82370304,
       128.52817119, 449.96065748, 235.21922478, 321.19046098,
       641.76421439, 169.66037376, 152.4129871 , 230.45623964]), 'Likelihood': 79.99627868006105}]
M3_i = [{'Theta': array([  3.98786185,   4.56395802,   4.92315548,   4.81139928,
         4.7367163 ,   4.70979641,   6.20803381,   5.30972347,
         7.43865834,   4.92705921,  14.274255  ,   7.94389353,
        47.72483342,   7.55178468,  62.06095311,   7.56081772,
         6.92686328,   8.13563291,  11.91655595,  33.56953625,
         8.40588674,  27.91608937,  34.89895043,  43.33035055,
        20.05195952, 101.94581016,  33.51311809,  50.53550447,
        60.76499948,  87.27703241,  36.78313142,  30.77778904]), 'Likelihood': 112.95959720545765}]
M5_i = [{'Theta': array([  3.40661329,   3.74789272,   4.42426343,   4.37179967,
         3.61058472,   3.71559255,   5.22578397,   4.71830115,
         6.26804019,   4.1301802 ,  25.56284352,   7.62069974,
         8.69850589,   7.71897409,   7.89724316,   6.56307973,
         5.30481923,   6.6811714 ,   9.83941732,  31.83471357,
         7.90739602,  24.50292627,  32.3213553 ,  33.93626957,
        20.87285779, 142.44026187,  34.38935817,  71.11703513,
        20.47848146,  25.33162333,  14.57395118,  20.45102387]), 'Likelihood': 120.41338713568771}]

