



KJMIM_G = [[10.740666367064597, 0.0029238368818998994, 0.5835421040907414, 1.3745754186141135e-05]]
KJMIM_E = [[14.110449110320738, 0.003777981862904768, 0.2812293728162695, 2.372399336051681e-05]]
KJMIM_M3 = [[10.621066380545617, 0.0028603617394479743, 0.5927651900378622, 1.3441333802923332e-05]]
KJMIM_M5 = [[10.57293894148371, 0.0028681570412163572, 0.5964474499462677, 1.3319795851433863e-05]]

Time comparison

KJMIM_G_tt = [1.3586697578430176]
KJMIM_E_tt = [1.330732822418213]
KJMIM_M3_tt = [2.0298919677734375]
KJMIM_M5_tt = [2.3919477462768555]
Model information

KJMIM_G_i = [{'Theta': array([1.        , 4.48215516]), 'Approximated Theta': array([4.85047493, 5.08569382, 4.97476957, 4.90143843, 4.90063121,
       4.89143773, 4.88488908, 4.87947854, 4.8775314 , 4.86343315,
       4.86192492, 4.85992369, 4.85624574, 4.85607469, 4.83529695,
       4.83073453, 4.82716348, 4.82582573, 4.825627  , 4.82469736,
       4.81148334, 4.80723813, 4.8070651 , 4.80360068, 4.80314879,
       4.79271824, 4.78498747, 4.77312689, 4.76804817, 4.7566926 ,
       4.75557751, 4.75363946]), 'Likelihood': 60.155466555714725}]
KJMIM_E_i = [{'Theta': array([1. , 9.5]), 'Approximated Theta': array([ 9.86831977, 10.10353866,  9.99261441,  9.91928327,  9.91847605,
        9.90928257,  9.90273392,  9.89732338,  9.89537623,  9.88127799,
        9.87976975,  9.87776853,  9.87409057,  9.87391953,  9.85314178,
        9.84857937,  9.84500832,  9.84367057,  9.84347184,  9.8425422 ,
        9.82932818,  9.82508296,  9.82490994,  9.82144552,  9.82099362,
        9.81056308,  9.80283231,  9.79097172,  9.785893  ,  9.77453743,
        9.77342235,  9.77148429]), 'Likelihood': 19.865008982943753}]
KJMIM_M3_i = [{'Theta': array([1.        , 7.80349198]), 'Approximated Theta': array([8.17181175, 8.40703064, 8.29610639, 8.22277525, 8.22196803,
       8.21277455, 8.2062259 , 8.20081536, 8.19886821, 8.18476997,
       8.18326173, 8.18126051, 8.17758255, 8.17741151, 8.15663376,
       8.15207135, 8.1485003 , 8.14716255, 8.14696382, 8.14603418,
       8.13282016, 8.12857494, 8.12840192, 8.1249375 , 8.1244856 ,
       8.11405506, 8.10632429, 8.0944637 , 8.08938498, 8.07802941,
       8.07691433, 8.07497627]), 'Likelihood': 60.781548242291095}]
KJMIM_M5_i = [{'Theta': array([1.        , 6.06656736]), 'Approximated Theta': array([6.43488713, 6.67010602, 6.55918177, 6.48585063, 6.48504341,
       6.47584993, 6.46930128, 6.46389073, 6.46194359, 6.44784535,
       6.44633711, 6.44433589, 6.44065793, 6.44048689, 6.41970914,
       6.41514672, 6.41157568, 6.41023793, 6.4100392 , 6.40910956,
       6.39589553, 6.39165032, 6.3914773 , 6.38801288, 6.38756098,
       6.37713044, 6.36939966, 6.35753908, 6.35246036, 6.34110479,
       6.33998971, 6.33805165]), 'Likelihood': 61.379115517254846}]




KJMIM_G = [[10.83797362963197, 0.003049403816159382, 0.552101694524465, 1.4000075252197182e-05]]
KJMIM_E = [[13.562100548548836, 0.0037055056491183767, 0.2986461922037724, 2.1922400615330207e-05]]
KJMIM_M3 = [[10.781910150993879, 0.0029871731018426204, 0.5567235529252681, 1.3855608607369078e-05]]
KJMIM_M5 = [[10.672708986720416, 0.0029857066144904714, 0.5656572519593472, 1.3576365624690682e-05]]

Time comparison

KJMIM_G_tt = [1.4019749164581299]
KJMIM_E_tt = [1.317451000213623]
KJMIM_M3_tt = [1.8508343696594238]
KJMIM_M5_tt = [2.3832855224609375]
Model information

KJMIM_G_i = [{'Theta': array([1.       , 4.8026117]), 'Approximated Theta': array([5.18414271, 5.46370566, 5.32739819, 5.28610391, 5.27484127,
       5.26734467, 5.26498107, 5.24594696, 5.24093248, 5.22761901,
       5.2212917 , 5.20780462, 5.20593793, 5.20544615, 5.19735583,
       5.19478187, 5.19252229, 5.18586682, 5.17502566, 5.1725371 ,
       5.15189229, 5.14981465, 5.14561001, 5.1442043 , 5.14341026,
       5.1293743 , 5.12450346, 5.11878875, 5.11484731, 5.1116491 ,
       5.11156891, 5.10586981]), 'Likelihood': 85.18994013203107}]
KJMIM_E_i = [{'Theta': array([1.        , 9.49999999]), 'Approximated Theta': array([ 9.88153101, 10.16109395, 10.02478648,  9.98349221,  9.97222957,
        9.96473296,  9.96236936,  9.94333525,  9.93832078,  9.92500731,
        9.91867999,  9.90519291,  9.90332622,  9.90283445,  9.89474412,
        9.89217016,  9.88991059,  9.88325511,  9.87241396,  9.8699254 ,
        9.84928059,  9.84720295,  9.84299831,  9.84159259,  9.84079855,
        9.82676259,  9.82189176,  9.81617704,  9.81223561,  9.8090374 ,
        9.80895721,  9.80325811]), 'Likelihood': 31.468666719080183}]
KJMIM_M3_i = [{'Theta': array([1.15273993, 7.9959266 ]), 'Approximated Theta': array([8.43573264, 8.75799601, 8.60086894, 8.55326738, 8.54028449,
       8.53164285, 8.52891824, 8.50697686, 8.50119647, 8.48584951,
       8.47855576, 8.46300866, 8.46085685, 8.46028997, 8.45096393,
       8.44799681, 8.44539212, 8.43772008, 8.42522305, 8.42235439,
       8.39855629, 8.39616131, 8.39131446, 8.38969404, 8.38877871,
       8.3725989 , 8.36698409, 8.36039651, 8.35585307, 8.35216636,
       8.35207392, 8.34550434]), 'Likelihood': 88.98814944945494}]
KJMIM_M5_i = [{'Theta': array([1.        , 6.53190453]), 'Approximated Theta': array([6.91343554, 7.19299849, 7.05669102, 7.01539674, 7.0041341 ,
       6.9966375 , 6.99427389, 6.97523979, 6.97022531, 6.95691184,
       6.95058453, 6.93709744, 6.93523076, 6.93473898, 6.92664866,
       6.92407469, 6.92181512, 6.91515964, 6.90431849, 6.90182993,
       6.88118512, 6.87910748, 6.87490284, 6.87349713, 6.87270309,
       6.85866713, 6.85379629, 6.84808158, 6.84414014, 6.84094193,
       6.84086174, 6.83516264]), 'Likelihood': 88.27034584072271}]




KJMIM_G = [[11.247015035323727, 0.002932177396730233, 0.540749749193808, 1.3867205506851146e-05]]
KJMIM_E = [[13.792216193440247, 0.0036213045229509426, 0.3093739383962083, 2.0853670755399603e-05]]
KJMIM_M3 = [[11.220332685789037, 0.0029254566507996727, 0.5429262093777136, 1.3801486608288288e-05]]
KJMIM_M5 = [[11.131336043524156, 0.002905810834556379, 0.5501482250156238, 1.35834155787161e-05]]

Time comparison

KJMIM_G_tt = [1.3189375400543213]
KJMIM_E_tt = [1.327009677886963]
KJMIM_M3_tt = [1.8691132068634033]
KJMIM_M5_tt = [2.3722455501556396]
Model information

KJMIM_G_i = [{'Theta': array([1.        , 5.22078585]), 'Approximated Theta': array([5.64321541, 5.86358266, 5.83550868, 5.77817028, 5.72805637,
       5.7027305 , 5.69835955, 5.67236152, 5.64392427, 5.63039354,
       5.62374708, 5.6207155 , 5.6132456 , 5.60886053, 5.60273828,
       5.59174581, 5.58567774, 5.58359699, 5.57522639, 5.57094936,
       5.5672175 , 5.56440751, 5.56214277, 5.56102137, 5.55985513,
       5.55859297, 5.55319759, 5.54689039, 5.54338109, 5.53880318,
       5.53301089, 5.52348059]), 'Likelihood': 94.90826464669257}]
KJMIM_E_i = [{'Theta': array([1. , 9.5]), 'Approximated Theta': array([ 9.92242955, 10.1427968 , 10.11472283, 10.05738442, 10.00727052,
        9.98194465,  9.9775737 ,  9.95157567,  9.92313842,  9.90960769,
        9.90296123,  9.89992965,  9.89245975,  9.88807468,  9.88195242,
        9.87095996,  9.86489189,  9.86281114,  9.85444054,  9.85016351,
        9.84643165,  9.84362166,  9.84135692,  9.84023552,  9.83906928,
        9.83780712,  9.83241174,  9.82610454,  9.82259523,  9.81801733,
        9.81222504,  9.80269474]), 'Likelihood': 32.081816419166216}]
KJMIM_M3_i = [{'Theta': array([1.2330272 , 8.82166496]), 'Approximated Theta': array([9.34253209, 9.6142509 , 9.57963493, 9.50893512, 9.44714331,
       9.41591582, 9.41052632, 9.37847004, 9.34340614, 9.32672238,
       9.31852712, 9.31478909, 9.3055785 , 9.30017159, 9.29262269,
       9.27906868, 9.27158658, 9.26902096, 9.25869979, 9.25342609,
       9.2488246 , 9.24535982, 9.24256733, 9.24118461, 9.2397466 ,
       9.23819033, 9.23153768, 9.22376073, 9.21943366, 9.21378897,
       9.20664693, 9.19489581]), 'Likelihood': 99.19354975630992}]
KJMIM_M5_i = [{'Theta': array([1.        , 7.16156045]), 'Approximated Theta': array([7.58399   , 7.80435725, 7.77628328, 7.71894487, 7.66883097,
       7.6435051 , 7.63913415, 7.61313612, 7.58469887, 7.57116813,
       7.56452168, 7.5614901 , 7.5540202 , 7.54963513, 7.54351287,
       7.53252041, 7.52645234, 7.52437159, 7.51600099, 7.51172396,
       7.5079921 , 7.50518211, 7.50291737, 7.50179597, 7.50062973,
       7.49936757, 7.49397219, 7.48766499, 7.48415568, 7.47957778,
       7.47378549, 7.46425519]), 'Likelihood': 98.3814889450393}]




KJMIM_G = [[10.806415927245649, 0.0029773898451074437, 0.5823059184808272, 1.3918663911278328e-05]]
KJMIM_E = [[14.10032400562365, 0.003787320761547401, 0.288863208423496, 2.3696945766859774e-05]]
KJMIM_M3 = [[10.75314717017173, 0.002935323755574743, 0.5864137013804207, 1.3781781795563423e-05]]
KJMIM_M5 = [[10.640549243903244, 0.0029172161106773968, 0.5950298103776196, 1.34946704127093e-05]]

Time comparison

KJMIM_G_tt = [1.3175086975097656]
KJMIM_E_tt = [1.315373182296753]
KJMIM_M3_tt = [1.8884155750274658]
KJMIM_M5_tt = [2.4144790172576904]
Model information

KJMIM_G_i = [{'Theta': array([1.        , 4.44842767]), 'Approximated Theta': array([4.80394037, 4.99679899, 4.98150162, 4.93403521, 4.92440585,
       4.90479357, 4.8869092 , 4.87865666, 4.86320137, 4.855656  ,
       4.85546157, 4.85469488, 4.84816038, 4.84281839, 4.83073838,
       4.82232473, 4.81150405, 4.81131481, 4.7997006 , 4.79362768,
       4.79148035, 4.79030851, 4.78964591, 4.78812586, 4.77832262,
       4.7724541 , 4.77102642, 4.76181507, 4.76043562, 4.75729495,
       4.7489008 , 4.7204192 ]), 'Likelihood': 62.2035476224751}]
KJMIM_E_i = [{'Theta': array([1.        , 9.49999999]), 'Approximated Theta': array([ 9.85551269, 10.04837131, 10.03307394,  9.98560753,  9.97597817,
        9.95636589,  9.93848152,  9.93022898,  9.91477369,  9.90722832,
        9.90703389,  9.9062672 ,  9.8997327 ,  9.89439072,  9.8823107 ,
        9.87389706,  9.86307637,  9.86288714,  9.85127293,  9.8452    ,
        9.84305268,  9.84188083,  9.84121823,  9.83969818,  9.82989494,
        9.82402642,  9.82259875,  9.81338739,  9.81200794,  9.80886727,
        9.80047313,  9.77199152]), 'Likelihood': 22.007403878634936}]
KJMIM_M3_i = [{'Theta': array([2.07425961, 7.0088675 ]), 'Approximated Theta': array([7.74629313, 8.14633198, 8.11460127, 8.01614361, 7.99616981,
       7.95548885, 7.91839202, 7.90127412, 7.86921584, 7.85356478,
       7.85316148, 7.85157116, 7.83801692, 7.82693625, 7.80187917,
       7.78442708, 7.76198217, 7.76158965, 7.73749876, 7.72490193,
       7.72044783, 7.71801712, 7.71664272, 7.71348973, 7.69315527,
       7.68098243, 7.67802107, 7.65891433, 7.65605298, 7.64953842,
       7.63212679, 7.57304855]), 'Likelihood': 63.62533814025649}]
KJMIM_M5_i = [{'Theta': array([1.        , 6.01742604]), 'Approximated Theta': array([6.37293874, 6.56579736, 6.55049999, 6.50303358, 6.49340422,
       6.47379194, 6.45590757, 6.44765503, 6.43219974, 6.42465437,
       6.42445994, 6.42369325, 6.41715875, 6.41181677, 6.39973675,
       6.39132311, 6.38050242, 6.38031318, 6.36869897, 6.36262605,
       6.36047873, 6.35930688, 6.35864428, 6.35712423, 6.34732099,
       6.34145247, 6.3400248 , 6.33081344, 6.32943399, 6.32629332,
       6.31789918, 6.28941757]), 'Likelihood': 64.7152435936064}]




KJMIM_G = [[10.939697314245828, 0.0030339704718288503, 0.5699113546047623, 1.4259908274052737e-05]]
KJMIM_E = [[14.029605681812008, 0.0037708431450788346, 0.2926435873333705, 2.3452926901661522e-05]]
KJMIM_M3 = [[10.821628248185686, 0.003009344808851298, 0.5791449074609604, 1.3953762975443421e-05]]
KJMIM_M5 = [[10.760224758537737, 0.002987181576223433, 0.5839073434232129, 1.3795860876167208e-05]]

Time comparison

KJMIM_G_tt = [1.3286526203155518]
KJMIM_E_tt = [1.3033459186553955]
KJMIM_M3_tt = [1.914508581161499]
KJMIM_M5_tt = [2.3897643089294434]
Model information

KJMIM_G_i = [{'Theta': array([1.        , 4.71235236]), 'Approximated Theta': array([5.14420421, 5.44551009, 5.30988043, 5.30236856, 5.27578333,
       5.25085952, 5.24018847, 5.22262849, 5.21430577, 5.20292603,
       5.19354274, 5.1923809 , 5.18624828, 5.18613921, 5.18458289,
       5.1840609 , 5.18239859, 5.17918127, 5.16734382, 5.16709094,
       5.15790279, 5.15760805, 5.15341669, 5.14779635, 5.14598468,
       5.14441603, 5.14244317, 5.14075153, 5.13612938, 5.13275126,
       5.11261302, 5.10074977]), 'Likelihood': 72.58898319567335}]
KJMIM_E_i = [{'Theta': array([1.        , 9.49999993]), 'Approximated Theta': array([ 9.93185178, 10.23315767, 10.09752801, 10.09001614, 10.0634309 ,
       10.0385071 , 10.02783604, 10.01027607, 10.00195335,  9.9905736 ,
        9.98119032,  9.98002848,  9.97389586,  9.97378678,  9.97223047,
        9.97170847,  9.97004617,  9.96682885,  9.9549914 ,  9.95473851,
        9.94555037,  9.94525563,  9.94106427,  9.93544392,  9.93363225,
        9.9320636 ,  9.93009074,  9.9283991 ,  9.92377696,  9.92039884,
        9.9002606 ,  9.88839734]), 'Likelihood': 25.807599704453324}]
KJMIM_M3_i = [{'Theta': array([1.39716559, 7.98350453]), 'Approximated Theta': array([8.58687307, 9.00784729, 8.81835019, 8.80785487, 8.77071089,
       8.73588821, 8.72097898, 8.69644479, 8.68481657, 8.66891718,
       8.65580718, 8.65418389, 8.64561561, 8.64546321, 8.64328879,
       8.64255947, 8.64023696, 8.63574183, 8.61920295, 8.61884963,
       8.60601227, 8.60560046, 8.59974444, 8.59189189, 8.58936069,
       8.58716902, 8.58441261, 8.58204911, 8.57559121, 8.57087141,
       8.54273496, 8.52616003]), 'Likelihood': 77.56246736585365}]
KJMIM_M5_i = [{'Theta': array([1.        , 6.47458822]), 'Approximated Theta': array([6.90644007, 7.20774596, 7.0721163 , 7.06460443, 7.03801919,
       7.01309539, 7.00242433, 6.98486436, 6.97654164, 6.96516189,
       6.95577861, 6.95461677, 6.94848415, 6.94837507, 6.94681876,
       6.94629676, 6.94463446, 6.94141714, 6.92957969, 6.9293268 ,
       6.92013866, 6.91984392, 6.91565256, 6.91003221, 6.90822054,
       6.90665189, 6.90467903, 6.90298739, 6.89836525, 6.89498713,
       6.87484888, 6.86298563]), 'Likelihood': 76.0159727866876}]




KJMIM_G = [[10.768917673200896, 0.0028844054128579857, 0.5737769360686157, 1.3348400226783577e-05]]
KJMIM_E = [[13.704085380937375, 0.0036405745097781816, 0.3097714095938384, 2.1616492049321262e-05]]
KJMIM_M3 = [[10.739108970806793, 0.002877695466303218, 0.576133268007472, 1.3274604919939105e-05]]
KJMIM_M5 = [[10.659211292541872, 0.0028544176953303013, 0.5824168411622732, 1.3077816767390745e-05]]

Time comparison

KJMIM_G_tt = [1.341831922531128]
KJMIM_E_tt = [1.416152000427246]
KJMIM_M3_tt = [1.9143106937408447]
KJMIM_M5_tt = [2.460326910018921]
Model information

KJMIM_G_i = [{'Theta': array([1.        , 4.57396209]), 'Approximated Theta': array([4.8341369 , 5.09740683, 4.97640802, 4.95557309, 4.93887858,
       4.91936607, 4.90844483, 4.90110389, 4.89943281, 4.89211946,
       4.87686694, 4.87648786, 4.87632263, 4.86907758, 4.8605832 ,
       4.85711438, 4.83557625, 4.8349871 , 4.8316987 , 4.83021952,
       4.8272353 , 4.82709281, 4.81388349, 4.80846903, 4.79993892,
       4.79420723, 4.79271186, 4.78009707, 4.77856432, 4.75894436,
       4.74628829, 4.74127583]), 'Likelihood': 74.88353139875355}]
KJMIM_E_i = [{'Theta': array([1. , 9.5]), 'Approximated Theta': array([ 9.7601748 , 10.02344473,  9.90244592,  9.88161099,  9.86491649,
        9.84540398,  9.83448274,  9.82714179,  9.82547072,  9.81815736,
        9.80290484,  9.80252576,  9.80236053,  9.79511548,  9.7866211 ,
        9.78315229,  9.76161415,  9.761025  ,  9.7577366 ,  9.75625742,
        9.7532732 ,  9.75313072,  9.7399214 ,  9.73450694,  9.72597683,
        9.72024514,  9.71874976,  9.70613497,  9.70460222,  9.68498226,
        9.6723262 ,  9.66731373]), 'Likelihood': 26.899679964712185}]
KJMIM_M3_i = [{'Theta': array([1.40775219, 7.84811994]), 'Approximated Theta': array([8.21438159, 8.58500041, 8.41466407, 8.38533365, 8.36183193,
       8.33436315, 8.31898875, 8.30865452, 8.30630206, 8.29600667,
       8.2745349 , 8.27400125, 8.27376865, 8.26356941, 8.25161143,
       8.2467282 , 8.21640784, 8.21557846, 8.21094921, 8.20886689,
       8.20466585, 8.20446526, 8.18586982, 8.1782476 , 8.16623932,
       8.15817052, 8.1560654 , 8.1383069 , 8.13614917, 8.10852913,
       8.09071253, 8.08365622]), 'Likelihood': 76.77465029321505}]
KJMIM_M5_i = [{'Theta': array([1.        , 6.19911861]), 'Approximated Theta': array([6.45929342, 6.72256335, 6.60156454, 6.58072961, 6.5640351 ,
       6.54452259, 6.53360135, 6.52626041, 6.52458933, 6.51727598,
       6.50202346, 6.50164438, 6.50147915, 6.4942341 , 6.48573972,
       6.4822709 , 6.46073276, 6.46014362, 6.45685521, 6.45537604,
       6.45239182, 6.45224933, 6.43904001, 6.43362555, 6.42509544,
       6.41936375, 6.41786838, 6.40525359, 6.40372083, 6.38410087,
       6.37144481, 6.36643235]), 'Likelihood': 77.17593058439819}]




KJMIM_G = [[11.051405844128464, 0.003033567140148414, 0.5327001490031067, 1.4556911644244652e-05]]
KJMIM_E = [[13.519998578447916, 0.0036676195457595153, 0.30061892131878687, 2.1786500779531857e-05]]
KJMIM_M3 = [[10.859164497313337, 0.0029490272781968235, 0.5488162904223652, 1.405487586104074e-05]]
KJMIM_M5 = [[10.860493043111223, 0.0029656673884117376, 0.5487058850796749, 1.4058315110625705e-05]]

Time comparison

KJMIM_G_tt = [1.3477742671966553]
KJMIM_E_tt = [1.3087728023529053]
KJMIM_M3_tt = [1.8583385944366455]
KJMIM_M5_tt = [2.3376450538635254]
Model information

KJMIM_G_i = [{'Theta': array([1.        , 4.67119368]), 'Approximated Theta': array([4.97372124, 5.25001288, 5.20452207, 5.14074994, 5.12916447,
       5.11131329, 5.09047202, 5.08444286, 5.0598098 , 5.05423619,
       5.04819166, 5.04073119, 5.03986404, 5.02367674, 5.01928553,
       5.01483471, 5.01169587, 5.00764385, 5.0069892 , 5.00336284,
       5.00264878, 4.9931305 , 4.98727948, 4.9773252 , 4.97713933,
       4.97253579, 4.97230159, 4.97202357, 4.96861336, 4.96514677,
       4.9612306 , 4.88509284]), 'Likelihood': 76.02991112331932}]
KJMIM_E_i = [{'Theta': array([1.        , 9.49999997]), 'Approximated Theta': array([ 9.80252754, 10.07881918, 10.03332836,  9.96955623,  9.95797076,
        9.94011958,  9.91927832,  9.91324916,  9.88861609,  9.88304248,
        9.87699795,  9.86953748,  9.86867033,  9.85248304,  9.84809183,
        9.84364101,  9.84050216,  9.83645015,  9.8357955 ,  9.83216914,
        9.83145507,  9.8219368 ,  9.81608577,  9.8061315 ,  9.80594562,
        9.80134208,  9.80110789,  9.80082987,  9.79741965,  9.79395306,
        9.79003689,  9.71389914]), 'Likelihood': 28.252508357931095}]
KJMIM_M3_i = [{'Theta': array([1.11634321, 8.00795505]), 'Approximated Theta': array([8.34567964, 8.65411593, 8.60333257, 8.53214098, 8.51920763,
       8.49927958, 8.47601358, 8.46928296, 8.44178401, 8.43556195,
       8.42881418, 8.42048573, 8.4195177 , 8.40144712, 8.39654502,
       8.39157638, 8.38807235, 8.38354891, 8.3828181 , 8.37876984,
       8.37797269, 8.36734703, 8.36081528, 8.3497029 , 8.34949539,
       8.34435626, 8.34409482, 8.34378445, 8.33997748, 8.33610758,
       8.33173579, 8.24673993]), 'Likelihood': 78.51938475752331}]
KJMIM_M5_i = [{'Theta': array([1.        , 6.18093594]), 'Approximated Theta': array([6.48346351, 6.75975515, 6.71426433, 6.6504922 , 6.63890673,
       6.62105555, 6.60021429, 6.59418512, 6.56955206, 6.56397845,
       6.55793392, 6.55047345, 6.5496063 , 6.53341901, 6.52902779,
       6.52457697, 6.52143813, 6.51738612, 6.51673146, 6.5131051 ,
       6.51239104, 6.50287276, 6.49702174, 6.48706747, 6.48688159,
       6.48227805, 6.48204386, 6.48176584, 6.47835562, 6.47488903,
       6.47097286, 6.39483511]), 'Likelihood': 78.08319407241547}]




KJMIM_G = [[10.860952811091959, 0.0030219556083640915, 0.5663983645137461, 1.4059505424903248e-05]]
KJMIM_E = [[13.787440540767607, 0.0037187659054752054, 0.30124912753707644, 2.2656952552845705e-05]]
KJMIM_M3 = [[10.580337880530651, 0.0029551715962362938, 0.588514882737361, 1.3342378729575684e-05]]
KJMIM_M5 = [[10.652032766534363, 0.0029747135331405794, 0.5829193463589076, 1.3523813640400882e-05]]

Time comparison

KJMIM_G_tt = [1.398688554763794]
KJMIM_E_tt = [1.3701426982879639]
KJMIM_M3_tt = [1.9317967891693115]
KJMIM_M5_tt = [2.9787473678588867]
Model information

KJMIM_G_i = [{'Theta': array([1.        , 4.47083174]), 'Approximated Theta': array([4.82532688, 5.08496921, 5.01775875, 4.95029853, 4.93356465,
       4.93216728, 4.92198627, 4.89614371, 4.89326239, 4.89231787,
       4.88636778, 4.86555661, 4.86231743, 4.86040291, 4.85192536,
       4.85030606, 4.84026651, 4.83595195, 4.83089802, 4.82693956,
       4.82199396, 4.81442557, 4.81376646, 4.80444598, 4.80086261,
       4.79296332, 4.7921579 , 4.78511539, 4.78495651, 4.7699287 ,
       4.76892336, 4.76797259]), 'Likelihood': 74.52694704781868}]
KJMIM_E_i = [{'Theta': array([1.        , 9.49999999]), 'Approximated Theta': array([ 9.85449513, 10.11413746, 10.046927  ,  9.97946678,  9.9627329 ,
        9.96133554,  9.95115453,  9.92531196,  9.92243064,  9.92148612,
        9.91553603,  9.89472486,  9.89148568,  9.88957116,  9.88109361,
        9.87947431,  9.86943476,  9.8651202 ,  9.86006627,  9.85610781,
        9.85116221,  9.84359382,  9.84293471,  9.83361423,  9.83003086,
        9.82213157,  9.82132615,  9.81428364,  9.81412476,  9.79909695,
        9.79809161,  9.79714084]), 'Likelihood': 27.813834384044206}]
KJMIM_M3_i = [{'Theta': array([1.        , 8.62356434]), 'Approximated Theta': array([8.97805947, 9.2377018 , 9.17049134, 9.10303112, 9.08629724,
       9.08489988, 9.07471887, 9.0488763 , 9.04599498, 9.04505046,
       9.03910037, 9.0182892 , 9.01505002, 9.0131355 , 9.00465796,
       9.00303865, 8.9929991 , 8.98868454, 8.98363061, 8.97967215,
       8.97472655, 8.96715816, 8.96649905, 8.95717857, 8.9535952 ,
       8.94569591, 8.94489049, 8.93784798, 8.9376891 , 8.92266129,
       8.92165595, 8.92070518]), 'Likelihood': 78.4747230418816}]
KJMIM_M5_i = [{'Theta': array([1.        , 6.09780528]), 'Approximated Theta': array([6.45230041, 6.71194275, 6.64473228, 6.57727206, 6.56053818,
       6.55914082, 6.54895981, 6.52311724, 6.52023593, 6.5192914 ,
       6.51334132, 6.49253014, 6.48929096, 6.48737644, 6.4788989 ,
       6.4772796 , 6.46724004, 6.46292548, 6.45787155, 6.4539131 ,
       6.44896749, 6.4413991 , 6.44073999, 6.43141951, 6.42783615,
       6.41993685, 6.41913143, 6.41208892, 6.41193004, 6.39690223,
       6.39589689, 6.39494612]), 'Likelihood': 77.2616988398963}]




KJMIM_G = [[10.683699293218204, 0.0029275629348621164, 0.5649249192710911, 1.3604340760863165e-05]]
KJMIM_E = [[13.376373617751874, 0.0036266204863293376, 0.31797910669407803, 2.1326076922211438e-05]]
KJMIM_M3 = [[10.498166792359303, 0.0028552530896156984, 0.5799046882160925, 1.3135939121069471e-05]]
KJMIM_M5 = [[10.475538164420128, 0.002860107251801414, 0.5817137536440586, 1.3079371545423642e-05]]

Time comparison

KJMIM_G_tt = [1.5169827938079834]
KJMIM_E_tt = [1.389509677886963]
KJMIM_M3_tt = [2.3520660400390625]
KJMIM_M5_tt = [2.7417092323303223]
Model information

KJMIM_G_i = [{'Theta': array([1.       , 4.5116185]), 'Approximated Theta': array([4.87592639, 5.07752443, 5.00477852, 4.95678683, 4.93231213,
       4.91622951, 4.91188994, 4.91142614, 4.9087217 , 4.88939634,
       4.87373765, 4.86320485, 4.85661952, 4.85449244, 4.85035067,
       4.82932336, 4.82625702, 4.82367796, 4.82347369, 4.82223777,
       4.81922827, 4.81727422, 4.81694619, 4.8134983 , 4.80881352,
       4.80125595, 4.79798963, 4.7964764 , 4.79071494, 4.78733562,
       4.77083977, 4.76642478]), 'Likelihood': 77.50975837278418}]
KJMIM_E_i = [{'Theta': array([1. , 9.5]), 'Approximated Theta': array([ 9.86430789, 10.06590593,  9.99316001,  9.94516833,  9.92069362,
        9.90461101,  9.90027144,  9.89980763,  9.89710319,  9.87777784,
        9.86211914,  9.85158634,  9.84500102,  9.84287394,  9.83873216,
        9.81770486,  9.81463852,  9.81205946,  9.81185519,  9.81061926,
        9.80760976,  9.80565572,  9.80532768,  9.80187979,  9.79719501,
        9.78963744,  9.78637112,  9.78485789,  9.77909643,  9.77571712,
        9.75922127,  9.75480627]), 'Likelihood': 27.171277065552825}]
KJMIM_M3_i = [{'Theta': array([1.03216086, 7.81112422]), 'Approximated Theta': array([8.18714856, 8.39523017, 8.32014469, 8.27060955, 8.24534771,
       8.22874787, 8.22426873, 8.22379001, 8.22099859, 8.20105172,
       8.18488943, 8.17401789, 8.16722077, 8.16502528, 8.1607503 ,
       8.13904674, 8.13588179, 8.13321978, 8.13300894, 8.13173327,
       8.12862698, 8.12661009, 8.12627151, 8.12271273, 8.11787728,
       8.11007665, 8.10670529, 8.10514339, 8.09919664, 8.09570864,
       8.07868227, 8.07412528]), 'Likelihood': 80.8341910871311}]
KJMIM_M5_i = [{'Theta': array([0.9375   , 6.1789849]), 'Approximated Theta': array([6.52052355, 6.70952171, 6.64132241, 6.59633021, 6.57338517,
       6.55830772, 6.55423938, 6.55380456, 6.55126914, 6.53315163,
       6.5184716 , 6.5085971 , 6.50242336, 6.50042922, 6.4965463 ,
       6.47683321, 6.47395851, 6.47154064, 6.47134914, 6.47019046,
       6.46736905, 6.46553714, 6.4652296 , 6.46199721, 6.45760523,
       6.45052   , 6.44745783, 6.44603918, 6.44063781, 6.4374697 ,
       6.42200484, 6.41786578]), 'Likelihood': 80.3810008276721}]




KJMIM_G = [[10.807976903348598, 0.002945181879482841, 0.5706345701296882, 1.3922685276196553e-05]]
KJMIM_E = [[13.815416524082083, 0.0037497034623132715, 0.2984377296680947, 2.2748991912169826e-05]]
KJMIM_M3 = [[10.729983150764422, 0.0029091694643272616, 0.5768090821760331, 1.3722469371573513e-05]]
KJMIM_M5 = [[10.691975539001175, 0.0029098763540101632, 0.5798018154853043, 1.3625426430801224e-05]]

Time comparison

KJMIM_G_tt = [1.3911235332489014]
KJMIM_E_tt = [1.3248414993286133]
KJMIM_M3_tt = [2.4992523193359375]
KJMIM_M5_tt = [2.5303268432617188]
Model information

KJMIM_G_i = [{'Theta': array([0.96875  , 4.5989803]), 'Approximated Theta': array([4.99220788, 5.186228  , 5.10538836, 5.05081831, 5.0451943 ,
       5.02792075, 5.02037622, 5.01323623, 5.00093156, 5.00022048,
       4.98831054, 4.9796198 , 4.97639369, 4.97481569, 4.97421024,
       4.96182679, 4.95952776, 4.95900623, 4.95655724, 4.95648046,
       4.95291667, 4.9524581 , 4.95096254, 4.949035  , 4.94834648,
       4.94368725, 4.93674194, 4.92415251, 4.92391408, 4.90920288,
       4.88889603, 4.87825198]), 'Likelihood': 71.65061006159596}]
KJMIM_E_i = [{'Theta': array([1. , 9.5]), 'Approximated Theta': array([ 9.90591234, 10.10619117, 10.02274381,  9.96641343,  9.960608  ,
        9.94277723,  9.93498933,  9.92761902,  9.91491742,  9.91418341,
        9.90188928,  9.89291819,  9.88958801,  9.88795911,  9.88733413,
        9.87455121,  9.87217802,  9.87163967,  9.86911168,  9.86903242,
        9.86535367,  9.86488031,  9.8633365 ,  9.86134678,  9.86063606,
        9.85582653,  9.84865717,  9.83566164,  9.83541552,  9.82022976,
        9.79926785,  9.78828044]), 'Likelihood': 27.17056296097596}]
KJMIM_M3_i = [{'Theta': array([1.16297121, 7.55897531]), 'Approximated Theta': array([8.03103967, 8.26395819, 8.16691131, 8.1014007 , 8.09464915,
       8.07391249, 8.06485538, 8.05628392, 8.04151233, 8.04065869,
       8.02636097, 8.01592786, 8.01205495, 8.01016059, 8.00943375,
       7.99456758, 7.99180763, 7.99118155, 7.98824156, 7.98814939,
       7.98387111, 7.9833206 , 7.9815252 , 7.97921122, 7.97838467,
       7.97279132, 7.96445357, 7.94934013, 7.9490539 , 7.9313933 ,
       7.90701521, 7.89423717]), 'Likelihood': 72.76208939557037}]
KJMIM_M5_i = [{'Theta': array([1.        , 6.04783953]), 'Approximated Theta': array([6.45375187, 6.6540307 , 6.57058334, 6.51425296, 6.50844753,
       6.49061676, 6.48282886, 6.47545855, 6.46275695, 6.46202294,
       6.44972881, 6.44075772, 6.43742754, 6.43579864, 6.43517366,
       6.42239074, 6.42001755, 6.4194792 , 6.41695121, 6.41687195,
       6.4131932 , 6.41271984, 6.41117603, 6.40918631, 6.40847559,
       6.40366606, 6.3964967 , 6.38350117, 6.38325504, 6.36806929,
       6.34710738, 6.33611997]), 'Likelihood': 73.02988632497627}]




KJMIM_G = [[11.101576000786002, 0.0030727419229158682, 0.5542348705398834, 1.4689379906389141e-05]]
KJMIM_E = [[14.078949581407601, 0.0037803432634397308, 0.2830690543346446, 2.3625156683476044e-05]]
KJMIM_M3 = [[11.033350532124166, 0.003075450122973963, 0.5596969929894081, 1.4509385585493155e-05]]
KJMIM_M5 = [[10.977930710674206, 0.00304995921910927, 0.5641091124686545, 1.4363992204675042e-05]]

Time comparison

KJMIM_G_tt = [1.4433870315551758]
KJMIM_E_tt = [1.3969519138336182]
KJMIM_M3_tt = [2.559359550476074]
KJMIM_M5_tt = [2.503767728805542]
Model information

KJMIM_G_i = [{'Theta': array([1.        , 4.86750666]), 'Approximated Theta': array([5.25910012, 5.48732028, 5.40117113, 5.33634508, 5.31210239,
       5.30548661, 5.29639729, 5.28100577, 5.27717862, 5.27508833,
       5.27393155, 5.26425557, 5.26213686, 5.26181638, 5.25958827,
       5.25410558, 5.25374913, 5.25231489, 5.24709246, 5.23601534,
       5.23559706, 5.23470469, 5.23349017, 5.23123277, 5.22596108,
       5.21940397, 5.21487911, 5.21069801, 5.20476044, 5.19746774,
       5.16622336, 5.164967  ]), 'Likelihood': 70.14938625562452}]
KJMIM_E_i = [{'Theta': array([1. , 9.5]), 'Approximated Theta': array([ 9.89159345, 10.11981362, 10.03366446,  9.96883841,  9.94459572,
        9.93797995,  9.92889062,  9.9134991 ,  9.90967195,  9.90758166,
        9.90642488,  9.8967489 ,  9.89463019,  9.89430971,  9.89208161,
        9.88659892,  9.88624246,  9.88480823,  9.87958579,  9.86850867,
        9.86809039,  9.86719803,  9.8659835 ,  9.8637261 ,  9.85845441,
        9.8518973 ,  9.84737245,  9.84319135,  9.83725377,  9.82996107,
        9.79871669,  9.79746033]), 'Likelihood': 24.355051619811945}]
KJMIM_M3_i = [{'Theta': array([1.82534968, 8.45094136]), 'Approximated Theta': array([9.16573634, 9.58231795, 9.42506563, 9.30673542, 9.26248402,
       9.25040792, 9.23381673, 9.20572182, 9.19873594, 9.19492042,
       9.19280889, 9.17514685, 9.17127946, 9.17069447, 9.1666274 ,
       9.15661958, 9.15596892, 9.15335094, 9.14381818, 9.12359855,
       9.12283505, 9.12120617, 9.11898923, 9.1148687 , 9.10524602,
       9.09327699, 9.08501755, 9.07738558, 9.06654744, 9.05323571,
       8.99620379, 8.99391049]), 'Likelihood': 72.59791562923957}]
KJMIM_M5_i = [{'Theta': array([1.        , 6.78085053]), 'Approximated Theta': array([7.17244398, 7.40066415, 7.31451499, 7.24968895, 7.22544625,
       7.21883048, 7.20974115, 7.19434963, 7.19052248, 7.18843219,
       7.18727541, 7.17759943, 7.17548072, 7.17516024, 7.17293214,
       7.16744945, 7.16709299, 7.16565876, 7.16043632, 7.1493592 ,
       7.14894092, 7.14804856, 7.14683403, 7.14457664, 7.13930495,
       7.13274783, 7.12822298, 7.12404188, 7.1181043 , 7.1108116 ,
       7.07956722, 7.07831086]), 'Likelihood': 72.88893484895902}]




KJMIM_G = [[10.660873092342985, 0.002931534571033812, 0.5770048230028949, 1.3542276203426406e-05]]
KJMIM_E = [[13.746460329273086, 0.0037636331516535076, 0.29671454651680873, 2.251582613431678e-05]]
KJMIM_M3 = [[10.537399477507948, 0.002876130182576519, 0.5867462931376647, 1.323040106544254e-05]]
KJMIM_M5 = [[10.50408512826407, 0.002873566925395074, 0.5893551940311321, 1.3146876575311195e-05]]

Time comparison

KJMIM_G_tt = [1.3189506530761719]
KJMIM_E_tt = [1.3266499042510986]
KJMIM_M3_tt = [1.859541654586792]
KJMIM_M5_tt = [2.5333359241485596]
Model information

KJMIM_G_i = [{'Theta': array([1.        , 4.80786945]), 'Approximated Theta': array([5.23411348, 5.40180479, 5.39485414, 5.36361754, 5.35050757,
       5.3352772 , 5.30519616, 5.29156704, 5.28141001, 5.26017305,
       5.25330467, 5.24856548, 5.24685676, 5.24521152, 5.2360985 ,
       5.23369657, 5.22776207, 5.22077992, 5.2185602 , 5.21571721,
       5.20934805, 5.20386711, 5.20251178, 5.19768028, 5.19129474,
       5.18954441, 5.18023073, 5.17226922, 5.16563067, 5.16518127,
       5.1638175 , 5.1303473 ]), 'Likelihood': 73.80176265278581}]
KJMIM_E_i = [{'Theta': array([1.        , 9.49999993]), 'Approximated Theta': array([ 9.92624396, 10.09393527, 10.08698462, 10.05574802, 10.04263805,
       10.02740768,  9.99732664,  9.98369752,  9.97354049,  9.95230353,
        9.94543516,  9.94069596,  9.93898724,  9.937342  ,  9.92822898,
        9.92582705,  9.91989255,  9.9129104 ,  9.91069068,  9.90784769,
        9.90147853,  9.89599759,  9.89464226,  9.88981076,  9.88342522,
        9.88167489,  9.87236121,  9.86439971,  9.85776115,  9.85731175,
        9.85594798,  9.82247778]), 'Likelihood': 26.17369478228863}]
KJMIM_M3_i = [{'Theta': array([1.08630858, 7.84411232]), 'Approximated Theta': array([8.30714487, 8.48930938, 8.48175883, 8.44782624, 8.43358477,
       8.41703989, 8.3843626 , 8.36955717, 8.3585235 , 8.3354536 ,
       8.32799243, 8.3228442 , 8.320988  , 8.31920077, 8.30930122,
       8.30669198, 8.30024528, 8.29266051, 8.29024921, 8.28716085,
       8.28024197, 8.27428798, 8.27281567, 8.26756717, 8.2606305 ,
       8.25872911, 8.24861158, 8.23996292, 8.23275141, 8.23226322,
       8.23078174, 8.19442278]), 'Likelihood': 75.805062363887}]
KJMIM_M5_i = [{'Theta': array([1.        , 6.43286625]), 'Approximated Theta': array([6.85911028, 7.02680159, 7.01985094, 6.98861434, 6.97550437,
       6.960274  , 6.93019296, 6.91656384, 6.90640681, 6.88516985,
       6.87830147, 6.87356228, 6.87185356, 6.87020832, 6.8610953 ,
       6.85869337, 6.85275887, 6.84577671, 6.843557  , 6.84071401,
       6.83434485, 6.82886391, 6.82750858, 6.82267708, 6.81629154,
       6.81454121, 6.80522753, 6.79726602, 6.79062747, 6.79017807,
       6.7888143 , 6.7553441 ]), 'Likelihood': 75.52135676731191}]
