[0.03075953698655195, 0.012477825885110594, 0.010702275788250625, 0.0025434595498100947]
[0.07844937372735068, 0.17942461666479811, 0.07269620247550022, 0.007834846060256776, 0.18809517800375763, 0.35855931147979997, 0.028909350252018254, 0.16537891303277114, 0.8634422451034635, 8.940436482510323, 1.4929336977315224, -0.6140734899504176, -0.4601801985566345, -8.581879755382788, -0.8942812626409784, -0.5863861672061191, -0.9243413429638836, -0.593914734180928, -0.4156172361450319, -13.006771954909375, -0.9081863393103544, -23.807734000122448, -0.8416559146077078, -0.41889759309821856, -0.00963818546220298, -0.10186460340651916, -1.1687399715148776, 1.7268386634153734, 0.4195399882357418, 0.49778292457487183, 0.6788614819170233, 3.2834593210868284, -2.1513207759543738, 0.14245483619081262, 0.2994980323843837, 0.029794154305664147, 0.09172244016109223, 0.14577657001648867, 0.4590391280830016, 1.4547408006244547, 0.007957608926471332, 0.04312296676330091, 0.07077945524813282, 0.15725960975274797, 0.28675639786789353, 0.08237003827569227, 0.7198405682786521, 0.0790220893075756, 0.04536732017577875, 0.21244191949742103, 0.10285909933614468, 0.13798175511514557, 0.5512124849738751, 0.9532740543491286, 0.023394966093497713, 0.31852881407636063, 0.1466162887109284, 0.06333448557215246, 0.026116397501768075, 0.2708366770918689, 0.15415999695296095, 0.2287230512798887, 0.13673732163821772, 0.06808841475255474, 0.25927338091662844, 0.2083646699631584, 0.33773805719800043, 0.497861715645598, 0.18609416054677935, 0.118855662370426, 0.07185456775848786, 0.247236409587429, 0.5615060674178974, 1.8898108499948505, 0.09126795831079132, 0.003906546305145527, 0.32504456529420345, 0.4120490202388378, 0.12469267232446557, 0.035106269688115255, 0.0837281750297844, 0.018884331811250266, 0.08774863918446471, 0.15046717659483208, 0.06026722876865372, 0.18679771009484947, 0.012972363575055355, 0.07047574459623976, 0.030195746845612405, 0.11519287254973297, 0.033914858983400596, 0.0980091674469637, 0.166206314647792, 0.19595344530245146, 0.2406046241671403, 0.1287302134135576, 0.18542951423187048, 0.1423805786953598, 0.04257086213415231, 0.0014080298191231806, 0.15714654834840663, 0.030256451012436528, 0.013317017641534904, 0.059256801918004164, 0.13087913599396162, 0.1567417071395574, 0.0928294684079064, 0.1085009825651012, 0.048797090587077506, 0.21679995997281204, 0.0736005070980355, 0.07270695145400317, 0.07499157264045284, 0.076718862861651, 0.18128896199922181, 0.0678387450911949, 0.013490771633578211, 0.1557277212368079, 0.20046463967699096, 0.051605569861146804, 0.026698762362294733, 0.014134418658772477, 0.2687394394376417, 0.11835397601851516, 0.0905188046057087, 0.1283723640843189, 0.004676160272403594, 0.03535795408892842, 0.013545188898244782, 0.09791686813642639, 0.06192425554080562, 0.07256913504257077, 0.019205408835754282, 0.11360550456689143, 0.008804719791500989, 0.04505630071648562, 0.10775716077483208, 0.0732173555798958, 0.1199080131175064, 0.029571069511954578, 0.06182425513630032, 0.0523936574417306, 0.0387921089595038, 0.04568856387395714, 0.01681453009705861, 0.03776210474523904, 0.02042141604878777, 0.04029281904679984, 0.021052996083952794, 0.008404336750496212, 0.06153169919284671, 0.08285384550001249, 0.11080518149099437, 0.12918200799837368, 0.048345097036039675, 0.02535060950497418, 0.1253356634118516, 0.12929499437939948, 0.039222937335817894, 0.006078245649087981, 0.04908635283702674, 0.22192546069285624, 0.1455233733114632, 0.03290878140050883, 0.009077379116253226, 0.03219517314138176, 0.010006478447742034, 0.013335387919937736, 0.057880440574958655, 0.03625340572313035, 0.024907849006584746, 0.02641513313355503, 0.0498737830770993, 0.21000515501270076, 0.10032262359701016, 0.16650015653203554, 0.16735647017646718, 0.04399310273316121, 0.13440270982868827, 0.11581479482331872, 0.015695801468111923, 0.02432694252855958, 0.029046434283566378, 0.0138659299549339, 0.10640761366935678, 0.08249644477013339, 0.0596114816108862, 0.008042617077105213, 0.0828993206632119, 0.018835214877596852, 0.01717875632058726, 0.04163838858450557, 0.054098188932599524, 0.03533848544230542, 0.03687842552857062, 0.03979726309713579, 0.030059363561931656, 0.05609190778700546, 0.07617986714909016, 0.03065078393668248, 0.01994728414294259, 0.019379737296566835, 0.06961328341044236, 0.000980716023211533, 0.08095118193731458, 0.04845647406455716, 0.01684595869588123, 0.20585283626570614, 0.13106627187633596, 0.005040793883804479, 0.006779033818137113, 0.01714801176064936, 0.012929165459413338, 0.017636070976987037, 0.0016739496395004286, 0.009982701336488669, 0.011301143151160873, 0.22873702815166022, 0.08988413590238403, 0.10231458075360764, 0.17145004739039096, 0.10369875673223189, 0.022167069381681115, 0.04148804986121535, 0.014817530170893342, 0.029390643765673734, 0.022663874961920006, 0.002076439637720275, 0.006785545113229039, 0.03779286373635541, 0.016837698940948716, 0.17272138906625326, 0.15545134093827692, 0.1099730494025297, 0.12235684989526514, 0.026870898278851193, 0.040841959920481494, 0.010259581700528604, 0.06077602481896277, 0.054697089192707535, 0.015032212639117833, 0.030746736131564784, 0.16371208732596676, 0.16030755230026783, 0.03075953698655195, 0.012477825885110594, 0.010702275788250625, 0.0025434595498100947]
Total training points: 278
(278, 8)



=======

[0.01669544862798059, 0.008314237744260662, 0.007249998365024609, 0.002139578940574744]
[0.13904151364194303, 0.027638449702791272, 0.029076329616388345, 0.03551702429966962, 0.043767041551280986, 0.017458255179321147, 0.047908515291884765, 0.055274988900301546, 0.013199391291083913, 0.028142042650490057, 0.03746534443917216, 0.07153678974938298, 0.053566965685391814, 0.09825526452988986, 0.12779151721794196, 0.012841197663225945, 0.05559535758856508, 0.07112889266377517, 0.015940375116176242, 0.021021022348148406, 0.010657043686255026, 0.029943096013283547, 0.004688424261453462, 0.09295897373269037, 0.12727091399109, 0.002577493457039692, 0.005328234322050479, 0.00951348926730529, 0.0007288186834685536, 0.03564850156812602, 0.011708513789202193, 0.019835068403603127, 0.010527230367946151, 0.01466187965437952, 0.015601835040012401, 0.008824688450798326, 0.09520556838213638, 0.02906752022479519, 0.16655493107618666, 0.023980675903105157, 0.09512337092750736, 0.025998271881211787, 0.056053585593709605, 0.03169315246804376, 0.015662693453055102, 0.015177575706452163, 0.07379065228686808, 0.059305973221047865, 0.043839902620819805, 0.02305231888811075, 0.0004398074577126008, 0.01968442249872195, 0.03651382923591433, 0.0560611812313735, 0.015960690388313097, 0.037491915759447145, 0.08172818960162612, 0.06888115599277651, 0.012645216131864154, 0.018360576450127734, 0.008048004114981378, 0.011312529220855141, 0.03550145510272384, 0.003332482032734696, 0.04044570477123945, 0.062373258224292454, 0.03777257790451573, 0.05101749245406125, 0.009885474543273846, 0.005719710684700449, 0.016376564687676728, 0.03828422290000047, 0.01045557162789583, 0.00213743987883782, 0.00738245561528232, 0.044504380806405744, 0.005248247937261504, 0.015088659703361958, 0.03216591534318849, 0.02325473248175953, 0.03292761607770008, 0.042427370676409414, 0.0019205094130303984, 0.015102302788715272, 0.034488551697725356, 0.04882044166672406, 0.007929482809346166, 0.04411496585773548, 0.012523516398688117, 0.022509609604639443, 0.0022237628277001213, 0.012339048976143277, 0.008047036723094725, 0.02342383155167741, 0.0006034181012586412, 0.042758891566791246, 0.07468086353489327, 0.09912760704935897, 0.022172093622888592, 0.019808368734754424, 0.10768997041493429, 0.10852714041396193, 0.0033480327245149427, 0.002328992178127662, 0.020302199190533016, 0.0004533753324303566, 0.02576436337223094, 0.0016934796328257, 0.003039549184346044, 0.020372910559089224, 0.00390388953344822, 0.015196718611082087, 0.018404586982175883, 0.01023704241267946, 0.028029284193403177, 0.049404699205309786, 0.00024057247724206622, 0.0035712410394015217, 0.0045669648561683, 0.014756182732971433, 0.024427061978340242, 0.009325188660867014, 0.012528725329214077, 0.013199079527827309, 0.0031649334757225677, 0.03981277006659643, 0.023937252840298396, 0.005388174340115549, 0.013981459290436541, 0.0034374855065432645, 0.01270473422412585, 0.0157180575561335, 9.643146174289084e-06, 0.020595353102444765, 0.03415217195817635, 0.0006005307691918623, 0.0016262831314868581, 0.00015521458534587042, 0.009128844830582983, 0.0029590359930200235, 0.006604499294811606, 0.016360156042831895, 0.008215904558511272, 0.004031741040884868, 0.004095362308202046, 0.004698782049799672, 0.005886400226808243, 0.05861843914537736, 0.05264343558195535, 0.007583898761898189, 0.006166753928162729, 0.007501094859387308, 0.002229121336435844, 0.017711282476107194, 0.002185580719946549, 0.006609971835815215, 0.031063841332891633, 0.07170838306338788, 0.06795864105980814, 0.010139561184246875, 0.0019629487715843628, 0.00013930127459005836, 0.002061081937983466, 0.01463658137653293, 0.01669544862798059, 0.008314237744260662, 0.007249998365024609, 0.002139578940574744]
Total training points: 318
(318, 8)
PS C:\Users\Kehinde\OneDrive